100
1000000
9
9
8
11
11
8
8
8
8
9
200
8000000
46
43
45
48
44
62
53
43
38
39
300
27000000
107
132
131
108
104
106
108
119
103
102
400
64000000
241
224
231
247
218
231
262
226
216
221
500
125000000
402
448
423
462
502
431
434
544
485
448
600
216000000
759
856
926
701
720
720
697
754
729
719
700
343000000
1141
1138
1122
1179
1098
1093
1080
1099
1100
1111
800
512000000
1968
1949
2030
1826
1991
1952
1958
1873
1861
1959
900
729000000
2576
2649
2865
2770
2836
2354
2582
2400
2609
2351
1000
1000000000
4273
4148
4301
4472
4377
4412
4823
4254
4278
4158
